conditions 0:0 0:1 0:2 1:0 1:1 1:2 2:0 2:1 2:2 3:0 3:1 3:2 4:0 4:1 4:2 5:0 5:1 5:2
x0   1   1   1   1   1   1   1   1   1   1   1   1   1   1   1   1   1   1
x1   0   0   0   0   0   0   0   0   0   1   1   1   1   1   1   1   1   1
x2   1   1   1   0   0   1   0   1   1   1   1   1   0   0   1   0   0   1
x3   1   1   1   1   1   1   0   0   0   0   0   0   0   0   0   1   1   1
x4   0   0   0   0   0   0   0   0   0   0   0   1   1   1   1   1   1   1
x5   0   0   0   1   1   1   0   0   0   1   1   1   1   1   1   1   1   1
x6   0   0   0   0   0   0   0   0   0   0   0   0   0   0   0   0   0   0
x7   1   1   0   1   0   0   1   1   0   1   0   0   0   0   0   0   0   0
x8   0   0   0   0   0   0   0   0   0   0   0   0   0   0   0   0   0   0
x9   1   1   1   1   1   1   1   1   1   1   1   1   1   1   1   0   1   1
