conditions 0:0 0:1 0:2 0:3 0:4 0:5 1:0 1:1 1:2 1:3 1:4 1:5 2:0 2:1 2:2 2:3 2:4 2:5 3:0 3:1 3:2 3:3 3:4 3:5 4:0 4:1 4:2 4:3 4:4 4:5 5:0 5:1 5:2 5:3 5:4 5:5
x0   1   1   1   1   1   1   1   1   1   1   1   1   0   0   0   0   1   1   1   1   1   1   1   1   1   1   1   1   1   1   1   1   1   1   1   1
x1   0   0   0   0   0   0   1   1   1   1   1   1   0   0   0   0   0   0   1   1   1   1   1   1   1   1   1   1   1   1   0   0   0   0   0   0
x2   0   0   0   0   1   1   0   1   1   1   1   1   1   1   1   1   1   1   1   1   1   1   1   1   1   1   1   1   1   1   0   0   0   0   1   1
x3   1   1   1   1   1   1   1   1   1   1   1   1   1   1   1   1   1   1   1   1   1   1   1   1   1   1   1   1   1   1   0   0   0   0   0   0
x4   0   0   0   0   0   0   1   1   1   1   0   0   1   1   1   1   1   1   1   1   1   1   0   0   1   1   1   1   1   1   0   0   0   0   0   0
x5   1   1   1   1   1   1   0   0   0   0   0   0   1   1   1   1   1   1   0   0   0   0   0   0   1   1   1   1   1   1   0   0   0   0   0   0
x6   0   0   0   0   0   0   0   0   0   0   0   0   0   0   0   0   0   0   0   0   0   0   0   0   0   0   0   0   0   0   0   0   0   0   0   0
x7   0   0   0   0   0   0   0   0   0   0   0   0   1   1   1   1   1   1   0   0   0   0   0   0   0   0   0   0   0   0   0   0   0   0   0   0
x8   0   0   0   0   0   0   0   0   0   0   0   0   0   0   0   0   0   0   0   0   0   0   0   0   0   0   0   0   0   0   0   0   0   0   0   0
x9   1   1   1   1   1   1   1   1   1   1   1   1   1   1   1   1   1   1   1   1   1   1   1   1   0   0   0   0   1   1   1   1   1   1   1   1
