conditions 0:0 0:1 0:2 1:0 1:1 1:2 2:0 2:1 2:2 3:0 3:1 3:2 4:0 4:1 4:2 5:0 5:1 5:2 6:0 6:1 6:2 7:0 7:1 7:2 8:0 8:1 8:2
x0   1   1   1   1   1   1   0   1   1   1   1   1   1   1   1   1   1   1   1   1   1   1   1   1   1   1   1
x1   1   1   1   0   0   0   1   1   1   0   0   0   0   0   0   0   0   0   0   0   0   0   0   0   1   1   1
x2   0   1   1   0   1   1   1   1   1   1   1   1   0   1   1   0   1   1   0   1   1   1   1   1   0   1   1
x3   0   0   0   1   1   1   1   1   1   1   1   1   0   0   0   1   1   1   1   1   1   1   1   1   1   1   1
x4   0   1   1   1   0   0   0   1   1   1   1   0   0   1   1   1   1   0   1   1   0   0   0   0   1   0   0
x5   1   1   1   0   0   0   1   1   1   1   1   1   1   1   1   1   1   1   1   1   1   0   0   0   0   0   0
x6   0   0   0   0   0   0   1   0   0   1   0   0   0   0   0   0   0   0   0   0   0   0   0   0   1   0   0
x7   0   0   0   1   0   0   1   0   0   1   0   0   1   1   0   1   0   0   1   0   0   1   0   0   0   0   0
x8   0   0   0   0   0   0   0   0   0   1   0   0   0   0   0   0   0   0   0   0   0   0   0   0   1   0   0
x9   0   1   1   1   1   1   0   1   1   0   1   1   1   1   1   1   1   1   0   1   1   1   1   1   1   1   1
