conditions 0:0 0:1 0:2 0:3 0:4 0:5 1:0 1:1 1:2 1:3 1:4 1:5 2:0 2:1 2:2 2:3 2:4 2:5
x0   1   1   1   1   1   1   1   1   1   1   1   1   1   1   1   1   1   1
x1   1   1   1   1   1   1   1   1   1   1   1   1   1   1   1   1   1   1
x2   1   1   1   1   1   1   1   1   1   1   1   1   0   0   0   0   1   1
x3   0   0   0   0   0   0   1   1   1   1   1   1   1   1   1   1   1   1
x4   0   0   0   0   1   1   0   0   0   0   1   1   0   0   0   0   0   0
x5   1   1   1   1   1   1   1   1   1   1   1   1   0   0   0   0   0   0
x6   0   0   0   0   0   0   0   0   0   0   0   0   0   0   0   0   0   0
x7   0   0   0   0   0   0   0   0   0   0   0   0   0   0   0   0   0   0
x8   0   0   0   0   0   0   0   0   0   0   0   0   0   0   0   0   0   0
x9   1   1   1   1   1   1   1   1   1   1   1   1   1   1   1   1   1   1
